3000
2955
2937
2923
2911
2900
2891
2882
2874
2866
2859
2852
2846
2839
2833
2827
2822
2816
2811
2806
2801
2796
2791
2787
2782
2778
2773
2769
2765
2761
2757
2753
2749
2745
2741
2738
2734
2730
2727
2723
2720
2717
2713
2710
2707
2703
2700
2697
2694
2691
2688
2685
2682
2679
2676
2673
2670
2667
2664
2662
2659
2656
2653
2651
2648
2645
2643
2640
2638
2635
2632
2630
2627
2625
2622
2620
2618
2615
2613
2610
2608
2606
2603
2601
2599
2597
2594
2592
2590
2588
2585
2583
2581
2579
2577
2575
2572
2570
2568
2566
2564
2562
2560
2558
2556
2554
2552
2550
2548
2546
2544
2542
2540
2538
2536
2534
2533
2531
2529
2527
2525
2523
2521
2520
2518
2516
2514
2512
2510
2509
2507
2505
2503
2502
2500
2498
2497
2495
2493
2491
2490
2488
2486
2485
2483
2481
2480
2478
2476
2475
2473
2472
2470
2468
2467
2465
2464
2462
2461
2459
2457
2456
2454
2453
2451
2450
2448
2447
2445
2444
2442
2441
2439
2438
2436
2435
2433
2432
2431
2429
2428
2426
2425
2423
2422
2421
2419
2418
2416
2415
2414
2412
2411
2409
2408
2407
2405
2404
2403
2401
2400
2399
2397
2396
2395
2393
2392
2391
2389
2388
2387
2386
2384
2383
2382
2381
2379
2378
2377
2375
2374
2373
2372
2370
2369
2368
2367
2366
2364
2363
2362
2361
2360
2358
2357
2356
2355
2354
2352
2351
2350
2349
2348
2347
2345
2344
2343
2342
2341
2340
2339
2337
2336
2335
2334
2333
2332
2331
2330
2328
2327
2326
2325
2324
2323
2322
2321
2320
2319
2318
2317
2315
2314
2313
2312
2311
2310
2309
2308
2307
2306
2305
2304
2303
2302
2301
2300
2299
2298
2297
2296
2295
2294
2293
2292
2291
2290
2289
2288
2287
2286
2285
2284
2283
2282
2281
2280
2279
2278
2277
2276
2275
2274
2273
2272
2271
2271
2270
2269
2268
2267
2266
2265
2264
2263
2262
2261
2260
2259
2259
2258
2257
2256
2255
2254
2253
2252
2251
2250
2250
2249
2248
2247
2246
2245
2244
2244
2243
2242
2241
2240
2239
2238
2238
2237
2236
2235
2234
2233
2232
2232
2231
2230
2229
2228
2227
2227
2226
2225
2224
2223
2223
2222
2221
2220
2219
2219
2218
2217
2216
2215
2215
2214
2213
2212
2211
2211
2210
2209
2208
2208
2207
2206
2205
2205
2204
2203
2202
2202
2201
2200
2199
2199
2198
2197
2196
2196
2195
2194
2193
2193
2192
2191
2190
2190
2189
2188
2188
2187
2186
2185
2185
2184
2183
2183
2182
2181
2180
2180
2179
2178
2178
2177
2176
2176
2175
2174
2174
2173
2172
2172
2171
2170
2169
2169
2168
2167
2167
2166
2165
2165
2164
2164
2163
2162
2162
2161
2160
2160
2159
2158
2158
2157
2156
2156
2155
2155
2154
2153
2153
2152
2151
2151
2150
2150
2149
2148
2148
2147
2146
2146
2145
2145
2144
2143
2143
2142
2142
2141
2140
2140
2139
2139
2138
2137
2137
2136
2136
2135
2135
2134
2133
2133
2132
2132
2131
2131
2130
2129
2129
2128
2128
2127
2127
2126
2125
2125
2124
2124
2123
2123
2122
2122
2121
2121
2120
2119
2119
2118
2118
2117
2117
2116
2116
2115
2115
2114
2114
2113
2113
2112
2112
2111
2111
2110
2110
2109
2108
2108
2107
2107
2106
2106
2105
2105
2104
2104
2103
2103
2102
2102
2102
2101
2101
2100
2100
2099
2099
2098
2098
2097
2097
2096
2096
2095
2095
2094
2094
2093
2093
2092
2092
2092
2091
2091
2090
2090
2089
2089
2088
2088
2087
2087
2087
2086
2086
2085
2085
2084
2084
2083
2083
2083
2082
2082
2081
2081
2080
2080
2080
2079
2079
2078
2078
2078
2077
2077
2076
2076
2075
2075
2075
2074
2074
2073
2073
2073
2072
2072
2071
2071
2071
2070
2070
2069
2069
2069
2068
2068
2067
2067
2067
2066
2066
2066
2065
2065
2064
2064
2064
2063
2063
2063
2062
2062
2061
2061
2061
2060
2060
2060
2059
2059
2058
2058
2058
2057
2057
2057
2056
2056
2056
2055
2055
2055
2054
2054
2054
2053
2053
2053
2052
2052
2052
2051
2051
2051
2050
2050
2050
2049
2049
2049
2048
2048
2048
2047
2047
2047
2046
2046
2046
2045
2045
2045
2045
2044
2044
2044
2043
2043
2043
2042
2042
2042
2041
2041
2041
2041
2040
2040
2040
2039
2039
2039
2039
2038
2038
2038
2037
2037
2037
2037
2036
2036
2036
2035
2035
2035
2035
2034
2034
2034
2034
2033
2033
2033
2033
2032
2032
2032
2031
2031
2031
2031
2030
2030
2030
2030
2029
2029
2029
2029
2028
2028
2028
2028
2028
2027
2027
2027
2027
2026
2026
2026
2026
2025
2025
2025
2025
2025
2024
2024
2024
2024
2023
2023
2023
2023
2023
2022
2022
2022
2022
2021
2021
2021
2021
2021
2020
2020
2020
2020
2020
2019
2019
2019
2019
2019
2018
2018
2018
2018
2018
2017
2017
2017
2017
2017
2017
2016
2016
2016
2016
2016
2015
2015
2015
2015
2015
2015
2014
2014
2014
2014
2014
2014
2013
2013
2013
2013
2013
2013
2012
2012
2012
2012
2012
2012
2011
2011
2011
2011
2011
2011
2011
2010
2010
2010
2010
2010
2010
2010
2009
2009
2009
2009
2009
2009
2009
2008
2008
2008
2008
2008
2008
2008
2008
2007
2007
2007
2007
2007
2007
2007
2007
2007
2006
2006
2006
2006
2006
2006
2006
2006
2006
2005
2005
2005
2005
2005
2005
2005
2005
2005
2005
2004
2004
2004
2004
2004
2004
2004
2004
2004
2004
2004
2003
2003
2003
2003
2003
2003
2003
2003
2003
2003
2003
2003
2003
2002
2002
2002
2002
2002
2002
2002
2002
2002
2002
2002
2002
2002
2002
2002
2002
2001
2001
2001
2001
2001
2001
2001
2001
2001
2001
2001
2001
2001
2001
2001
2001
2001
2001
2001
2001
2001
2001
2001
2000
2000
2000
2000
2000
2000
2000
2000
2000
2000
2000
2000
2000
2000
2000
2000
2000
2000
2000
2000
2000
2000
2000
2000
2000
2000
2000
2000
2000
2000
2000
2000
2000
2000
2000
2000
2000
2000
2000
2000
2000
2000
2000
2000
2000
2000
2000
2000
2000
2000
2000
2000
2000
2000
2000
2000
2000
2000
2000
2000
2000
2000
2000
2001
2001
2001
2001
2001
2001
2001
2001
2001
2001
2001
2001
2001
2001
2001
2001
2001
2001
2001
2001
2001
2001
2001
2002
2002
2002
2002
2002
2002
2002
2002
2002
2002
2002
2002
2002
2002
2002
2002
2003
2003
2003
2003
2003
2003
2003
2003
2003
2003
2003
2003
2003
2004
2004
2004
2004
2004
2004
2004
2004
2004
2004
2004
2005
2005
2005
2005
2005
2005
2005
2005
2005
2005
2006
2006
2006
2006
2006
2006
2006
2006
2006
2007
2007
2007
2007
2007
2007
2007
2007
2007
2008
2008
2008
2008
2008
2008
2008
2008
2009
2009
2009
2009
2009
2009
2009
2010
2010
2010
2010
2010
2010
2010
2011
2011
2011
2011
2011
2011
2011
2012
2012
2012
2012
2012
2012
2013
2013
2013
2013
2013
2013
2014
2014
2014
2014
2014
2014
2015
2015
2015
2015
2015
2015
2016
2016
2016
2016
2016
2017
2017
2017
2017
2017
2017
2018
2018
2018
2018
2018
2019
2019
2019
2019
2019
2020
2020
2020
2020
2020
2021
2021
2021
2021
2021
2022
2022
2022
2022
2023
2023
2023
2023
2023
2024
2024
2024
2024
2025
2025
2025
2025
2025
2026
2026
2026
2026
2027
2027
2027
2027
2028
2028
2028
2028
2028
2029
2029
2029
2029
2030
2030
2030
2030
2031
2031
2031
2031
2032
2032
2032
2033
2033
2033
2033
2034
2034
2034
2034
2035
2035
2035
2035
2036
2036
2036
2037
2037
2037
2037
2038
2038
2038
2039
2039
2039
2039
2040
2040
2040
2041
2041
2041
2041
2042
2042
2042
2043
2043
2043
2044
2044
2044
2045
2045
2045
2045
2046
2046
2046
2047
2047
2047
2048
2048
2048
2049
2049
2049
2050
2050
2050
2051
2051
2051
2052
2052
2052
2053
2053
2053
2054
2054
2054
2055
2055
2055
2056
2056
2056
2057
2057
2057
2058
2058
2058
2059
2059
2060
2060
2060
2061
2061
2061
2062
2062
2063
2063
2063
2064
2064
2064
2065
2065
2066
2066
2066
2067
2067
2067
2068
2068
2069
2069
2069
2070
2070
2071
2071
2071
2072
2072
2073
2073
2073
2074
2074
2075
2075
2075
2076
2076
2077
2077
2078
2078
2078
2079
2079
2080
2080
2080
2081
2081
2082
2082
2083
2083
2083
2084
2084
2085
2085
2086
2086
2087
2087
2087
2088
2088
2089
2089
2090
2090
2091
2091
2092
2092
2092
2093
2093
2094
2094
2095
2095
2096
2096
2097
2097
2098
2098
2099
2099
2100
2100
2101
2101
2102
2102
2102
2103
2103
2104
2104
2105
2105
2106
2106
2107
2107
2108
2108
2109
2110
2110
2111
2111
2112
2112
2113
2113
2114
2114
2115
2115
2116
2116
2117
2117
2118
2118
2119
2119
2120
2121
2121
2122
2122
2123
2123
2124
2124
2125
2125
2126
2127
2127
2128
2128
2129
2129
2130
2131
2131
2132
2132
2133
2133
2134
2135
2135
2136
2136
2137
2137
2138
2139
2139
2140
2140
2141
2142
2142
2143
2143
2144
2145
2145
2146
2146
2147
2148
2148
2149
2150
2150
2151
2151
2152
2153
2153
2154
2155
2155
2156
2156
2157
2158
2158
2159
2160
2160
2161
2162
2162
2163
2164
2164
2165
2165
2166
2167
2167
2168
2169
2169
2170
2171
2172
2172
2173
2174
2174
2175
2176
2176
2177
2178
2178
2179
2180
2180
2181
2182
2183
2183
2184
2185
2185
2186
2187
2188
2188
2189
2190
2190
2191
2192
2193
2193
2194
2195
2196
2196
2197
2198
2199
2199
2200
2201
2202
2202
2203
2204
2205
2205
2206
2207
2208
2208
2209
2210
2211
2211
2212
2213
2214
2215
2215
2216
2217
2218
2219
2219
2220
2221
2222
2223
2223
2224
2225
2226
2227
2227
2228
2229
2230
2231
2232
2232
2233
2234
2235
2236
2237
2238
2238
2239
2240
2241
2242
2243
2244
2244
2245
2246
2247
2248
2249
2250
2250
2251
2252
2253
2254
2255
2256
2257
2258
2259
2259
2260
2261
2262
2263
2264
2265
2266
2267
2268
2269
2270
2271
2271
2272
2273
2274
2275
2276
2277
2278
2279
2280
2281
2282
2283
2284
2285
2286
2287
2288
2289
2290
2291
2292
2293
2294
2295
2296
2297
2298
2299
2300
2301
2302
2303
2304
2305
2306
2307
2308
2309
2310
2311
2312
2313
2314
2315
2317
2318
2319
2320
2321
2322
2323
2324
2325
2326
2327
2328
2330
2331
2332
2333
2334
2335
2336
2337
2339
2340
2341
2342
2343
2344
2345
2347
2348
2349
2350
2351
2352
2354
2355
2356
2357
2358
2360
2361
2362
2363
2364
2366
2367
2368
2369
2370
2372
2373
2374
2375
2377
2378
2379
2381
2382
2383
2384
2386
2387
2388
2389
2391
2392
2393
2395
2396
2397
2399
2400
2401
2403
2404
2405
2407
2408
2409
2411
2412
2414
2415
2416
2418
2419
2421
2422
2423
2425
2426
2428
2429
2431
2432
2433
2435
2436
2438
2439
2441
2442
2444
2445
2447
2448
2450
2451
2453
2454
2456
2457
2459
2461
2462
2464
2465
2467
2468
2470
2472
2473
2475
2476
2478
2480
2481
2483
2485
2486
2488
2490
2491
2493
2495
2497
2498
2500
2502
2503
2505
2507
2509
2510
2512
2514
2516
2518
2520
2521
2523
2525
2527
2529
2531
2533
2534
2536
2538
2540
2542
2544
2546
2548
2550
2552
2554
2556
2558
2560
2562
2564
2566
2568
2570
2572
2575
2577
2579
2581
2583
2585
2588
2590
2592
2594
2597
2599
2601
2603
2606
2608
2610
2613
2615
2618
2620
2622
2625
2627
2630
2632
2635
2638
2640
2643
2645
2648
2651
2653
2656
2659
2662
2664
2667
2670
2673
2676
2679
2682
2685
2688
2691
2694
2697
2700
2703
2707
2710
2713
2717
2720
2723
2727
2730
2734
2738
2741
2745
2749
2753
2757
2761
2765
2769
2773
2778
2782
2787
2791
2796
2801
2806
2811
2816
2822
2827
2833
2839
2846
2852
2859
2866
2874
2882
2891
2900
2911
2923
2937
2955
3000
3045
3063
3077
3089
3100
3109
3118
3126
3134
3141
3148
3154
3161
3167
3173
3178
3184
3189
3194
3199
3204
3209
3213
3218
3222
3227
3231
3235
3239
3243
3247
3251
3255
3259
3262
3266
3270
3273
3277
3280
3283
3287
3290
3293
3297
3300
3303
3306
3309
3312
3315
3318
3321
3324
3327
3330
3333
3336
3338
3341
3344
3347
3349
3352
3355
3357
3360
3362
3365
3368
3370
3373
3375
3378
3380
3382
3385
3387
3390
3392
3394
3397
3399
3401
3403
3406
3408
3410
3412
3415
3417
3419
3421
3423
3425
3428
3430
3432
3434
3436
3438
3440
3442
3444
3446
3448
3450
3452
3454
3456
3458
3460
3462
3464
3466
3467
3469
3471
3473
3475
3477
3479
3480
3482
3484
3486
3488
3490
3491
3493
3495
3497
3498
3500
3502
3503
3505
3507
3509
3510
3512
3514
3515
3517
3519
3520
3522
3524
3525
3527
3528
3530
3532
3533
3535
3536
3538
3539
3541
3543
3544
3546
3547
3549
3550
3552
3553
3555
3556
3558
3559
3561
3562
3564
3565
3567
3568
3569
3571
3572
3574
3575
3577
3578
3579
3581
3582
3584
3585
3586
3588
3589
3591
3592
3593
3595
3596
3597
3599
3600
3601
3603
3604
3605
3607
3608
3609
3611
3612
3613
3614
3616
3617
3618
3619
3621
3622
3623
3625
3626
3627
3628
3630
3631
3632
3633
3634
3636
3637
3638
3639
3640
3642
3643
3644
3645
3646
3648
3649
3650
3651
3652
3653
3655
3656
3657
3658
3659
3660
3661
3663
3664
3665
3666
3667
3668
3669
3670
3672
3673
3674
3675
3676
3677
3678
3679
3680
3681
3682
3683
3685
3686
3687
3688
3689
3690
3691
3692
3693
3694
3695
3696
3697
3698
3699
3700
3701
3702
3703
3704
3705
3706
3707
3708
3709
3710
3711
3712
3713
3714
3715
3716
3717
3718
3719
3720
3721
3722
3723
3724
3725
3726
3727
3728
3729
3729
3730
3731
3732
3733
3734
3735
3736
3737
3738
3739
3740
3741
3741
3742
3743
3744
3745
3746
3747
3748
3749
3750
3750
3751
3752
3753
3754
3755
3756
3756
3757
3758
3759
3760
3761
3762
3762
3763
3764
3765
3766
3767
3768
3768
3769
3770
3771
3772
3773
3773
3774
3775
3776
3777
3777
3778
3779
3780
3781
3781
3782
3783
3784
3785
3785
3786
3787
3788
3789
3789
3790
3791
3792
3792
3793
3794
3795
3795
3796
3797
3798
3798
3799
3800
3801
3801
3802
3803
3804
3804
3805
3806
3807
3807
3808
3809
3810
3810
3811
3812
3812
3813
3814
3815
3815
3816
3817
3817
3818
3819
3820
3820
3821
3822
3822
3823
3824
3824
3825
3826
3826
3827
3828
3828
3829
3830
3831
3831
3832
3833
3833
3834
3835
3835
3836
3836
3837
3838
3838
3839
3840
3840
3841
3842
3842
3843
3844
3844
3845
3845
3846
3847
3847
3848
3849
3849
3850
3850
3851
3852
3852
3853
3854
3854
3855
3855
3856
3857
3857
3858
3858
3859
3860
3860
3861
3861
3862
3863
3863
3864
3864
3865
3865
3866
3867
3867
3868
3868
3869
3869
3870
3871
3871
3872
3872
3873
3873
3874
3875
3875
3876
3876
3877
3877
3878
3878
3879
3879
3880
3881
3881
3882
3882
3883
3883
3884
3884
3885
3885
3886
3886
3887
3887
3888
3888
3889
3889
3890
3890
3891
3892
3892
3893
3893
3894
3894
3895
3895
3896
3896
3897
3897
3898
3898
3898
3899
3899
3900
3900
3901
3901
3902
3902
3903
3903
3904
3904
3905
3905
3906
3906
3907
3907
3908
3908
3908
3909
3909
3910
3910
3911
3911
3912
3912
3913
3913
3913
3914
3914
3915
3915
3916
3916
3917
3917
3917
3918
3918
3919
3919
3920
3920
3920
3921
3921
3922
3922
3922
3923
3923
3924
3924
3925
3925
3925
3926
3926
3927
3927
3927
3928
3928
3929
3929
3929
3930
3930
3931
3931
3931
3932
3932
3933
3933
3933
3934
3934
3934
3935
3935
3936
3936
3936
3937
3937
3937
3938
3938
3939
3939
3939
3940
3940
3940
3941
3941
3942
3942
3942
3943
3943
3943
3944
3944
3944
3945
3945
3945
3946
3946
3946
3947
3947
3947
3948
3948
3948
3949
3949
3949
3950
3950
3950
3951
3951
3951
3952
3952
3952
3953
3953
3953
3954
3954
3954
3955
3955
3955
3955
3956
3956
3956
3957
3957
3957
3958
3958
3958
3959
3959
3959
3959
3960
3960
3960
3961
3961
3961
3961
3962
3962
3962
3963
3963
3963
3963
3964
3964
3964
3965
3965
3965
3965
3966
3966
3966
3966
3967
3967
3967
3967
3968
3968
3968
3969
3969
3969
3969
3970
3970
3970
3970
3971
3971
3971
3971
3972
3972
3972
3972
3972
3973
3973
3973
3973
3974
3974
3974
3974
3975
3975
3975
3975
3975
3976
3976
3976
3976
3977
3977
3977
3977
3977
3978
3978
3978
3978
3979
3979
3979
3979
3979
3980
3980
3980
3980
3980
3981
3981
3981
3981
3981
3982
3982
3982
3982
3982
3983
3983
3983
3983
3983
3983
3984
3984
3984
3984
3984
3985
3985
3985
3985
3985
3985
3986
3986
3986
3986
3986
3986
3987
3987
3987
3987
3987
3987
3988
3988
3988
3988
3988
3988
3989
3989
3989
3989
3989
3989
3989
3990
3990
3990
3990
3990
3990
3990
3991
3991
3991
3991
3991
3991
3991
3992
3992
3992
3992
3992
3992
3992
3992
3993
3993
3993
3993
3993
3993
3993
3993
3993
3994
3994
3994
3994
3994
3994
3994
3994
3994
3995
3995
3995
3995
3995
3995
3995
3995
3995
3995
3996
3996
3996
3996
3996
3996
3996
3996
3996
3996
3996
3997
3997
3997
3997
3997
3997
3997
3997
3997
3997
3997
3997
3997
3998
3998
3998
3998
3998
3998
3998
3998
3998
3998
3998
3998
3998
3998
3998
3998
3999
3999
3999
3999
3999
3999
3999
3999
3999
3999
3999
3999
3999
3999
3999
3999
3999
3999
3999
3999
3999
3999
3999
4000
4000
4000
4000
4000
4000
4000
4000
4000
4000
4000
4000
4000
4000
4000
4000
4000
4000
4000
4000
4000
4000
4000
4000
4000
4000
4000
4000
4000
4000
4000
