3000
3063
3089
3110
3126
3141
3155
3167
3179
3190
3200
3209
3219
3228
3236
3244
3252
3260
3268
3275
3282
3289
3296
3302
3309
3315
3321
3328
3333
3339
3345
3351
3356
3362
3367
3373
3378
3383
3388
3393
3398
3403
3408
3412
3417
3422
3426
3431
3436
3440
3444
3449
3453
3457
3462
3466
3470
3474
3478
3482
3486
3490
3494
3498
3502
3506
3510
3513
3517
3521
3524
3528
3532
3535
3539
3543
3546
3550
3553
3557
3560
3563
3567
3570
3574
3577
3580
3583
3587
3590
3593
3596
3600
3603
3606
3609
3612
3615
3618
3621
3624
3628
3631
3634
3637
3640
3642
3645
3648
3651
3654
3657
3660
3663
3666
3668
3671
3674
3677
3680
3682
3685
3688
3691
3693
3696
3699
3701
3704
3707
3709
3712
3715
3717
3720
3722
3725
3727
3730
3733
3735
3738
3740
3743
3745
3748
3750
3753
3755
3757
3760
3762
3765
3767
3770
3772
3774
3777
3779
3781
3784
3786
3789
3791
3793
3795
3798
3800
3802
3805
3807
3809
3811
3814
3816
3818
3820
3823
3825
3827
3829
3831
3834
3836
3838
3840
3842
3844
3847
3849
3851
3853
3855
3857
3859
3861
3863
3866
3868
3870
3872
3874
3876
3878
3880
3882
3884
3886
3888
3890
3892
3894
3896
3898
3900
3902
3904
3906
3908
3910
3912
3914
3916
3918
3920
3922
3924
3925
3927
3929
3931
3933
3935
3937
3939
3941
3942
3944
3946
3948
3950
3952
3954
3955
3957
3959
3961
3963
3965
3966
3968
3970
3972
3974
3975
3977
3979
3981
3983
3984
3986
3988
3990
3991
3993
3995
3997
3998
4000
4002
4004
4005
4007
4009
4010
4012
4014
4016
4017
4019
4021
4022
4024
4026
4027
4029
4031
4032
4034
4036
4037
4039
4041
4042
4044
4045
4047
4049
4050
4052
4054
4055
4057
4058
4060
4062
4063
4065
4066
4068
4070
4071
4073
4074
4076
4077
4079
4081
4082
4084
4085
4087
4088
4090
4091
4093
4094
4096
4097
4099
4100
4102
4104
4105
4107
4108
4110
4111
4113
4114
4116
4117
4118
4120
4121
4123
4124
4126
4127
4129
4130
4132
4133
4135
4136
4138
4139
4140
4142
4143
4145
4146
4148
4149
4150
4152
4153
4155
4156
4158
4159
4160
4162
4163
4165
4166
4167
4169
4170
4171
4173
4174
4176
4177
4178
4180
4181
4182
4184
4185
4187
4188
4189
4191
4192
4193
4195
4196
4197
4199
4200
4201
4203
4204
4205
4207
4208
4209
4211
4212
4213
4215
4216
4217
4218
4220
4221
4222
4224
4225
4226
4228
4229
4230
4231
4233
4234
4235
4236
4238
4239
4240
4242
4243
4244
4245
4247
4248
4249
4250
4252
4253
4254
4255
4257
4258
4259
4260
4261
4263
4264
4265
4266
4268
4269
4270
4271
4272
4274
4275
4276
4277
4278
4280
4281
4282
4283
4284
4286
4287
4288
4289
4290
4292
4293
4294
4295
4296
4298
4299
4300
4301
4302
4303
4305
4306
4307
4308
4309
4310
4311
4313
4314
4315
4316
4317
4318
4319
4321
4322
4323
4324
4325
4326
4327
4329
4330
4331
4332
4333
4334
4335
4336
4337
4339
4340
4341
4342
4343
4344
4345
4346
4347
4349
4350
4351
4352
4353
4354
4355
4356
4357
4358
4359
4360
4362
4363
4364
4365
4366
4367
4368
4369
4370
4371
4372
4373
4374
4375
4376
4377
4379
4380
4381
4382
4383
4384
4385
4386
4387
4388
4389
4390
4391
4392
4393
4394
4395
4396
4397
4398
4399
4400
4401
4402
4403
4404
4405
4406
4407
4408
4409
4410
4411
4412
4413
4414
4415
4416
4417
4418
4419
4420
4421
4422
4423
4424
4425
4426
4427
4428
4429
4430
4431
4432
4433
4434
4435
4436
4437
4438
4439
4440
4441
4442
4443
4444
4445
4446
4447
4448
4449
4450
4450
4451
4452
4453
4454
4455
4456
4457
4458
4459
4460
4461
4462
4463
4464
4465
4465
4466
4467
4468
4469
4470
4471
4472
4473
4474
4475
4476
4477
4477
4478
4479
4480
4481
4482
4483
4484
4485
4486
4487
4487
4488
4489
4490
4491
4492
4493
4494
4495
4495
4496
4497
4498
4499
4500
4501
4502
4503
4503
4504
4505
4506
4507
4508
4509
4510
4510
4511
4512
4513
4514
4515
4516
4516
4517
4518
4519
4520
4521
4522
4522
4523
4524
4525
4526
4527
4528
4528
4529
4530
4531
4532
4533
4533
4534
4535
4536
4537
4538
4538
4539
4540
4541
4542
4543
4543
4544
4545
4546
4547
4547
4548
4549
4550
4551
4552
4552
4553
4554
4555
4556
4556
4557
4558
4559
4560
4560
4561
4562
4563
4564
4564
4565
4566
4567
4568
4568
4569
4570
4571
4572
4572
4573
4574
4575
4575
4576
4577
4578
4579
4579
4580
4581
4582
4582
4583
4584
4585
4586
4586
4587
4588
4589
4589
4590
4591
4592
4592
4593
4594
4595
4595
4596
4597
4598
4598
4599
4600
4601
4601
4602
4603
4604
4604
4605
4606
4607
4607
4608
4609
4610
4610
4611
4612
4613
4613
4614
4615
4616
4616
4617
4618
4618
4619
4620
4621
4621
4622
4623
4624
4624
4625
4626
4626
4627
4628
4629
4629
4630
4631
4631
4632
4633
4633
4634
4635
4636
4636
4637
4638
4638
4639
4640
4641
4641
4642
4643
4643
4644
4645
4645
4646
4647
4647
4648
4649
4649
4650
4651
4652
4652
4653
4654
4654
4655
4656
4656
4657
4658
4658
4659
4660
4660
4661
4662
4662
4663
4664
4664
4665
4666
4666
4667
4668
4668
4669
4670
4670
4671
4672
4672
4673
4674
4674
4675
4676
4676
4677
4678
4678
4679
4679
4680
4681
4681
4682
4683
4683
4684
4685
4685
4686
4687
4687
4688
4688
4689
4690
4690
4691
4692
4692
4693
4693
4694
4695
4695
4696
4697
4697
4698
4698
4699
4700
4700
4701
4702
4702
4703
4703
4704
4705
4705
4706
4707
4707
4708
4708
4709
4710
4710
4711
4711
4712
4713
4713
4714
4714
4715
4716
4716
4717
4717
4718
4719
4719
4720
4720
4721
4722
4722
4723
4723
4724
4724
4725
4726
4726
4727
4727
4728
4729
4729
4730
4730
4731
4731
4732
4733
4733
4734
4734
4735
4736
4736
4737
4737
4738
4738
4739
4739
4740
4741
4741
4742
4742
4743
4743
4744
4745
4745
4746
4746
4747
4747
4748
4748
4749
4750
4750
4751
4751
4752
4752
4753
4753
4754
4755
4755
4756
4756
4757
4757
4758
4758
4759
4759
4760
4761
4761
4762
4762
4763
4763
4764
4764
4765
4765
4766
4766
4767
4767
4768
4769
4769
4770
4770
4771
4771
4772
4772
4773
4773
4774
4774
4775
4775
4776
4776
4777
4777
4778
4778
4779
4779
4780
4780
4781
4781
4782
4783
4783
4784
4784
4785
4785
4786
4786
4787
4787
4788
4788
4789
4789
4790
4790
4791
4791
4792
4792
4793
4793
4794
4794
4795
4795
4796
4796
4796
4797
4797
4798
4798
4799
4799
4800
4800
4801
4801
4802
4802
4803
4803
4804
4804
4805
4805
4806
4806
4807
4807
4808
4808
4809
4809
4809
4810
4810
4811
4811
4812
4812
4813
4813
4814
4814
4815
4815
4816
4816
4816
4817
4817
4818
4818
4819
4819
4820
4820
4821
4821
4821
4822
4822
4823
4823
4824
4824
4825
4825
4826
4826
4826
4827
4827
4828
4828
4829
4829
4830
4830
4830
4831
4831
4832
4832
4833
4833
4833
4834
4834
4835
4835
4836
4836
4837
4837
4837
4838
4838
4839
4839
4840
4840
4840
4841
4841
4842
4842
4842
4843
4843
4844
4844
4845
4845
4845
4846
4846
4847
4847
4847
4848
4848
4849
4849
4850
4850
4850
4851
4851
4852
4852
4852
4853
4853
4854
4854
4854
4855
4855
4856
4856
4856
4857
4857
4858
4858
4858
4859
4859
4860
4860
4860
4861
4861
4862
4862
4862
4863
4863
4864
4864
4864
4865
4865
4866
4866
4866
4867
4867
4867
4868
4868
4869
4869
4869
4870
4870
4870
4871
4871
4872
4872
4872
4873
4873
4873
4874
4874
4875
4875
4875
4876
4876
4876
4877
4877
4878
4878
4878
4879
4879
4879
4880
4880
4880
4881
4881
4882
4882
4882
4883
4883
4883
4884
4884
4884
4885
4885
4886
4886
4886
4887
4887
4887
4888
4888
4888
4889
4889
4889
4890
4890
4890
4891
4891
4891
4892
4892
4892
4893
4893
4893
4894
4894
4894
4895
4895
4896
4896
4896
4897
4897
4897
4898
4898
4898
4899
4899
4899
4900
4900
4900
4900
4901
4901
4901
4902
4902
4902
4903
4903
4903
4904
4904
4904
4905
4905
4905
4906
4906
4906
4907
4907
4907
4908
4908
4908
4909
4909
4909
4909
4910
4910
4910
4911
4911
4911
4912
4912
4912
4913
4913
4913
4913
4914
4914
4914
4915
4915
4915
4916
4916
4916
4916
4917
4917
4917
4918
4918
4918
4919
4919
4919
4919
4920
4920
4920
4921
4921
4921
4921
4922
4922
4922
4923
4923
4923
4923
4924
4924
4924
4925
4925
4925
4925
4926
4926
4926
4927
4927
4927
4927
4928
4928
4928
4928
4929
4929
4929
4930
4930
4930
4930
4931
4931
4931
4931
4932
4932
4932
4933
4933
4933
4933
4934
4934
4934
4934
4935
4935
4935
4935
4936
4936
4936
4936
4937
4937
4937
4938
4938
4938
4938
4939
4939
4939
4939
4940
4940
4940
4940
4941
4941
4941
4941
4942
4942
4942
4942
4943
4943
4943
4943
4944
4944
4944
4944
4944
4945
4945
4945
4945
4946
4946
4946
4946
4947
4947
4947
4947
4948
4948
4948
4948
4948
4949
4949
4949
4949
4950
4950
4950
4950
4951
4951
4951
4951
4951
4952
4952
4952
4952
4953
4953
4953
4953
4953
4954
4954
4954
4954
4955
4955
4955
4955
4955
4956
4956
4956
4956
4956
4957
4957
4957
4957
4958
4958
4958
4958
4958
4959
4959
4959
4959
4959
4960
4960
4960
4960
4960
4961
4961
4961
4961
4961
4962
4962
4962
4962
4962
4963
4963
4963
4963
4963
4964
4964
4964
4964
4964
4965
4965
4965
4965
4965
4965
4966
4966
4966
4966
4966
4967
4967
4967
4967
4967
4968
4968
4968
4968
4968
4968
4969
4969
4969
4969
4969
4969
4970
4970
4970
4970
4970
4971
4971
4971
4971
4971
4971
4972
4972
4972
4972
4972
4972
4973
4973
4973
4973
4973
4973
4974
4974
4974
4974
4974
4974
4975
4975
4975
4975
4975
4975
4976
4976
4976
4976
4976
4976
4976
4977
4977
4977
4977
4977
4977
4978
4978
4978
4978
4978
4978
4978
4979
4979
4979
4979
4979
4979
4979
4980
4980
4980
4980
4980
4980
4980
4981
4981
4981
4981
4981
4981
4981
4982
4982
4982
4982
4982
4982
4982
4982
4983
4983
4983
4983
4983
4983
4983
4984
4984
4984
4984
4984
4984
4984
4984
4985
4985
4985
4985
4985
4985
4985
4985
4986
4986
4986
4986
4986
4986
4986
4986
4986
4987
4987
4987
4987
4987
4987
4987
4987
4988
4988
4988
4988
4988
4988
4988
4988
4988
4989
4989
4989
4989
4989
4989
4989
4989
4989
4989
4990
4990
4990
4990
4990
4990
4990
4990
4990
4990
4991
4991
4991
4991
4991
4991
4991
4991
4991
4991
4992
4992
4992
4992
4992
4992
4992
4992
4992
4992
4992
4993
4993
4993
4993
4993
4993
4993
4993
4993
4993
4993
4993
4994
4994
4994
4994
4994
4994
4994
4994
4994
4994
4994
4994
4994
4995
4995
4995
4995
4995
4995
4995
4995
4995
4995
4995
4995
4995
4995
4996
4996
4996
4996
4996
4996
4996
4996
4996
4996
4996
4996
4996
4996
4996
4996
4997
4997
4997
4997
4997
4997
4997
4997
4997
4997
4997
4997
4997
4997
4997
4997
4997
4997
4997
4998
4998
4998
4998
4998
4998
4998
4998
4998
4998
4998
4998
4998
4998
4998
4998
4998
4998
4998
4998
4998
4998
4999
4999
4999
4999
4999
4999
4999
4999
4999
4999
4999
4999
4999
4999
4999
4999
4999
4999
4999
4999
4999
4999
4999
4999
4999
4999
4999
4999
4999
4999
4999
4999
4999
5000
5000
5000
5000
5000
5000
5000
5000
5000
5000
5000
5000
5000
5000
5000
5000
5000
5000
5000
5000
5000
5000
5000
5000
5000
5000
5000
5000
5000
5000
5000
5000
5000
5000
5000
5000
5000
5000
5000
5000
5000
5000
5000
5000
5000
5000
5000
5000
5000
5000
5000
5000
5000
5000
5000
5000
5000
5000
5000
5000
5000
5000
5000
5000
5000
5000
5000
5000
5000
5000
5000
5000
5000
5000
5000
5000
5000
5000
5000
5000
5000
5000
5000
5000
5000
5000
5000
5000
5000
4999
4999
4999
4999
4999
4999
4999
4999
4999
4999
4999
4999
4999
4999
4999
4999
4999
4999
4999
4999
4999
4999
4999
4999
4999
4999
4999
4999
4999
4999
4999
4999
4999
4998
4998
4998
4998
4998
4998
4998
4998
4998
4998
4998
4998
4998
4998
4998
4998
4998
4998
4998
4998
4998
4998
4997
4997
4997
4997
4997
4997
4997
4997
4997
4997
4997
4997
4997
4997
4997
4997
4997
4997
4997
4996
4996
4996
4996
4996
4996
4996
4996
4996
4996
4996
4996
4996
4996
4996
4996
4995
4995
4995
4995
4995
4995
4995
4995
4995
4995
4995
4995
4995
4995
4994
4994
4994
4994
4994
4994
4994
4994
4994
4994
4994
4994
4994
4993
4993
4993
4993
4993
4993
4993
4993
4993
4993
4993
4993
4992
4992
4992
4992
4992
4992
4992
4992
4992
4992
4992
4991
4991
4991
4991
4991
4991
4991
4991
4991
4991
4990
4990
4990
4990
4990
4990
4990
4990
4990
4990
4989
4989
4989
4989
4989
4989
4989
4989
4989
4989
4988
4988
4988
4988
4988
4988
4988
4988
4988
4987
4987
4987
4987
4987
4987
4987
4987
4986
4986
4986
4986
4986
4986
4986
4986
4986
4985
4985
4985
4985
4985
4985
4985
4985
4984
4984
4984
4984
4984
4984
4984
4984
4983
4983
4983
4983
4983
4983
4983
4982
4982
4982
4982
4982
4982
4982
4982
4981
4981
4981
4981
4981
4981
4981
4980
4980
4980
4980
4980
4980
4980
4979
4979
4979
4979
4979
4979
4979
4978
4978
4978
4978
4978
4978
4978
4977
4977
4977
4977
4977
4977
4976
4976
4976
4976
4976
4976
4976
4975
4975
4975
4975
4975
4975
4974
4974
4974
4974
4974
4974
4973
4973
4973
4973
4973
4973
4972
4972
4972
4972
4972
4972
4971
4971
4971
4971
4971
4971
4970
4970
4970
4970
4970
4969
4969
4969
4969
4969
4969
4968
4968
4968
4968
4968
4968
4967
4967
4967
4967
4967
4966
4966
4966
4966
4966
4965
4965
4965
4965
4965
4965
4964
4964
4964
4964
4964
4963
4963
4963
4963
4963
4962
4962
4962
4962
4962
4961
4961
4961
4961
4961
4960
4960
4960
4960
4960
4959
4959
4959
4959
4959
4958
4958
4958
4958
4958
4957
4957
4957
4957
4956
4956
4956
4956
4956
4955
4955
4955
4955
4955
4954
4954
4954
4954
4953
4953
4953
4953
4953
4952
4952
4952
4952
4951
4951
4951
4951
4951
4950
4950
4950
4950
4949
4949
4949
4949
4948
4948
4948
4948
4948
4947
4947
4947
4947
4946
4946
4946
4946
4945
4945
4945
4945
4944
4944
4944
4944
4944
4943
4943
4943
4943
4942
4942
4942
4942
4941
4941
4941
4941
4940
4940
4940
4940
4939
4939
4939
4939
4938
4938
4938
4938
4937
4937
4937
4936
4936
4936
4936
4935
4935
4935
4935
4934
4934
4934
4934
4933
4933
4933
4933
4932
4932
4932
4931
4931
4931
4931
4930
4930
4930
4930
4929
4929
4929
4928
4928
4928
4928
4927
4927
4927
4927
4926
4926
4926
4925
4925
4925
4925
4924
4924
4924
4923
4923
4923
4923
4922
4922
4922
4921
4921
4921
4921
4920
4920
4920
4919
4919
4919
4919
4918
4918
4918
4917
4917
4917
4916
4916
4916
4916
4915
4915
4915
4914
4914
4914
4913
4913
4913
4913
4912
4912
4912
4911
4911
4911
4910
4910
4910
4909
4909
4909
4909
4908
4908
4908
4907
4907
4907
4906
4906
4906
4905
4905
4905
4904
4904
4904
4903
4903
4903
4902
4902
4902
4901
4901
4901
4900
4900
4900
4900
4899
4899
4899
4898
4898
4898
4897
4897
4897
4896
4896
4896
4895
4895
4894
4894
4894
4893
4893
4893
4892
4892
4892
4891
4891
4891
4890
4890
4890
4889
4889
4889
4888
4888
4888
4887
4887
4887
4886
4886
4886
4885
4885
4884
4884
4884
4883
4883
4883
4882
4882
4882
4881
4881
4880
4880
4880
4879
4879
4879
4878
4878
4878
4877
4877
4876
4876
4876
4875
4875
4875
4874
4874
4873
4873
4873
4872
4872
4872
4871
4871
4870
4870
4870
4869
4869
4869
4868
4868
4867
4867
4867
4866
4866
4866
4865
4865
4864
4864
4864
4863
4863
4862
4862
4862
4861
4861
4860
4860
4860
4859
4859
4858
4858
4858
4857
4857
4856
4856
4856
4855
4855
4854
4854
4854
4853
4853
4852
4852
4852
4851
4851
4850
4850
4850
4849
4849
4848
4848
4847
4847
4847
4846
4846
4845
4845
4845
4844
4844
4843
4843
4842
4842
4842
4841
4841
4840
4840
4840
4839
4839
4838
4838
4837
4837
4837
4836
4836
4835
4835
4834
4834
4833
4833
4833
4832
4832
4831
4831
4830
4830
4830
4829
4829
4828
4828
4827
4827
4826
4826
4826
4825
4825
4824
4824
4823
4823
4822
4822
4821
4821
4821
4820
4820
4819
4819
4818
4818
4817
4817
4816
4816
4816
4815
4815
4814
4814
4813
4813
4812
4812
4811
4811
4810
4810
4809
4809
4809
4808
4808
4807
4807
4806
4806
4805
4805
4804
4804
4803
4803
4802
4802
4801
4801
4800
4800
4799
4799
4798
4798
4797
4797
4796
4796
4796
4795
4795
4794
4794
4793
4793
4792
4792
4791
4791
4790
4790
4789
4789
4788
4788
4787
4787
4786
4786
4785
4785
4784
4784
4783
4783
4782
4781
4781
4780
4780
4779
4779
4778
4778
4777
4777
4776
4776
4775
4775
4774
4774
4773
4773
4772
4772
4771
4771
4770
4770
4769
4769
4768
4767
4767
4766
4766
4765
4765
4764
4764
4763
4763
4762
4762
4761
4761
4760
4759
4759
4758
4758
4757
4757
4756
4756
4755
4755
4754
4753
4753
4752
4752
4751
4751
4750
4750
4749
4748
4748
4747
4747
4746
4746
4745
4745
4744
4743
4743
4742
4742
4741
4741
4740
4739
4739
4738
4738
4737
4737
4736
4736
4735
4734
4734
4733
4733
